 

>Kotes is that os
§actions of the

 

 

New Edition.
457.
458.

458, 1,

459, 11. 1.

468, 11. 3.

467, ΙΙΙ. 2.
473, 1.
495, ΙΙ.

495, vl.
485.
483, 2.
497, Ι.

198, 11. N. ⁶2.

498, 1.
498, 111.
498, 111.

499. 2.

500.
501, 11. 1.
497, 11 2.
497, Π, 2.

503. Ι.

513, 1.
503, 11.
507, ΙΙΙ.

508.
510.
511.

507, 2.

515. 1., 111.
514.
517.

521, ΙΙ. 2.
521, 1.
517.
516, 1.
516, ΙΙ.
519, 11. 2.
519, 1.
529, Ι.
529.

1, 11. 3, 2), N. 2.
5⁴29. ΙΙ.
522-530.

524.
487, 2.
487, 2, 1).
537.
544, 2, N. 5.
546.
547.
549, 5.
552, 2.
561, 1.
561, 11.
608. 111.
625.

 

 

